-2.508053588867e+001,-3.335380554199e+000,3.009381837683e+000
-2.508053588867e+001,-3.335380554199e+000,4.491107779693e-002
-2.224597930908e+001,-2.448651123047e+001,-2.891318615345e+000
8.386394500732e+000,-3.231717681885e+001,-3.109517007826e+000
-2.791508483887e+001,1.781574821472e+001,2.710691832220e+000
-1.468589782715e+000,2.997351264954e+001,2.667108319667e+000
-1.381218147278e+001,-4.338108062744e+001,3.064871815724e+000
4.181636810303e+001,-3.910481643677e+001,3.107526617406e+000
-1.768034553528e+001,-1.451726150513e+001,3.000302089489e+000
4.020743560791e+001,-6.283411979675e+000,2.981474379603e+000
end_pose
-2.551882553101e+001,-3.065681457520e+000,3.022031476874e+000
-2.551882553101e+001,-3.065681457520e+000,2.674263130043e-002
-2.299571228027e+001,-2.399403381348e+001,-2.902822078275e+000
7.803108215332e+000,-3.149090576172e+001,3.138167128031e+000
-2.804192733765e+001,1.786267280579e+001,2.720793766596e+000
-1.837039947510e+000,2.959017562866e+001,2.674590285909e+000
-1.323239135742e+001,-4.584430313110e+001,3.031279366456e+000
4.204830169678e+001,-3.972124862671e+001,3.100581798703e+000
-1.700090789795e+001,-1.458570671082e+001,2.995728340930e+000
4.052307891846e+001,-6.135000228882e+000,2.980802028451e+000
end_pose
-2.599751281738e+001,-3.033775329590e+000,3.025423209234e+000
-2.599751281738e+001,-3.033775329590e+000,7.404208394715e-003
-2.348591613770e+001,-2.445258331299e+001,-2.915495942819e+000
7.337715148926e+000,-3.154293823242e+001,3.112876291605e+000
-2.850910186768e+001,1.838503074646e+001,2.766722628259e+000
-1.825454711914e+000,2.888442039490e+001,2.685677370697e+000
-1.276938056946e+001,-4.516688156128e+001,3.049357294251e+000
4.326152038574e+001,-3.998414611816e+001,3.101019227360e+000
-1.626120185852e+001,-1.538869094849e+001,2.985709191679e+000
4.024162292480e+001,-6.508815765381e+000,3.006913533879e+000
end_pose
-2.582030868530e+001,-3.217243194580e+000,3.017630040192e+000
-2.582030868530e+001,-3.217243194580e+000,3.185509122222e-002
-2.318432998657e+001,-2.431085586548e+001,-2.925129158071e+000
7.581409454346e+000,-3.107651901245e+001,3.100525358921e+000
-2.845629501343e+001,1.787636947632e+001,2.757353298716e+000
-1.589733123779e+000,2.873950958252e+001,2.700613253409e+000
-1.304632949829e+001,-4.549407577515e+001,3.049912054320e+000
4.377024078369e+001,-4.027046203613e+001,3.098921752191e+000
-1.681720352173e+001,-1.531881809235e+001,2.992338444164e+000
4.038523101807e+001,-6.717134475708e+000,3.029352061320e+000
end_pose
-2.594036483765e+001,-2.874950408936e+000,3.031214305872e+000
-2.594036483765e+001,-2.874950408936e+000,3.481661974058e-002
-2.358398818970e+001,-2.404501342773e+001,-2.918339560768e+000
7.272907257080e+000,-3.105068969727e+001,-3.137999546362e+000
-2.829674911499e+001,1.829511260986e+001,2.782226153973e+000
-1.146228790283e+000,2.849501419067e+001,2.805882906904e+000
-1.325807762146e+001,-4.557942199707e+001,3.058790311807e+000
4.361061859131e+001,-4.085979080200e+001,3.088220305407e+000
-1.655965232849e+001,-1.591759586334e+001,2.985260751372e+000
4.042851257324e+001,-6.935231208801e+000,3.024020572379e+000
end_pose
-2.581581878662e+001,-2.928478240967e+000,3.028638514352e+000
-2.581581878662e+001,-2.928478240967e+000,4.847564689740e-002
-2.340332794189e+001,-2.410777282715e+001,-2.924208326561e+000
7.543785095215e+000,-3.094319915771e+001,-3.125912537790e+000
-2.822829437256e+001,1.825081634521e+001,2.784481198895e+000
-8.524856567383e-001,2.846496582031e+001,2.688337244443e+000
-1.359945678711e+001,-4.564548110962e+001,3.064879087892e+000
4.340403366089e+001,-4.126396942139e+001,3.081767434845e+000
-1.696482086182e+001,-1.610079193115e+001,2.985580856627e+000
4.054592514038e+001,-7.054914474487e+000,3.024272829363e+000
end_pose
-2.589509963989e+001,-3.314651489258e+000,3.014281343650e+000
-2.589509963989e+001,-3.314651489258e+000,6.719700851414e-002
-2.317059707642e+001,-2.436050415039e+001,-2.932461159076e+000
7.749244689941e+000,-3.092276763916e+001,3.101041322341e+000
-2.861960220337e+001,1.773119735718e+001,2.781940674732e+000
-5.352363586426e-001,2.829107666016e+001,2.672758788258e+000
-1.365621566772e+001,-4.489704132080e+001,3.077569754779e+000
4.355759429932e+001,-4.122901535034e+001,3.085444867755e+000
-1.740304946899e+001,-1.595404720306e+001,2.990797702739e+000
4.040987396240e+001,-7.169470787048e+000,3.020843799970e+000
end_pose
-2.582662963867e+001,-3.054054260254e+000,3.023887270747e+000
-2.582662963867e+001,-3.054054260254e+000,8.544543844817e-002
-2.331656646729e+001,-2.413951873779e+001,-2.926969015168e+000
7.718318939209e+000,-3.090453338623e+001,3.085815550188e+000
-2.833670043945e+001,1.803141021729e+001,2.796427469190e+000
-1.986694335938e-002,2.821298599243e+001,2.671088645704e+000
-1.405731773376e+001,-4.510552597046e+001,3.079554291288e+000
4.210025024414e+001,-4.161709213257e+001,3.078226898540e+000
-1.750652122498e+001,-1.613095474243e+001,3.029544734889e+000
3.916406250000e+001,-9.754401206970e+000,2.973909495521e+000
end_pose
-2.591415786743e+001,-2.913227081299e+000,3.029644096556e+000
-2.591415786743e+001,-2.913227081299e+000,1.457772518235e-001
-2.352193069458e+001,-2.409895706177e+001,-2.917418538136e+000
8.480247497559e+000,-3.139565658569e+001,3.065174557106e+000
-2.830639266968e+001,1.827249908447e+001,2.804427365814e+000
3.879280090332e-001,2.833131408691e+001,2.669862808898e+000
-1.389661407471e+001,-4.536042785645e+001,3.079706955625e+000
4.284112548828e+001,-4.184465408325e+001,3.072083292720e+000
-1.718270874023e+001,-1.625858879089e+001,3.010842051433e+000
3.971401596069e+001,-8.776630401611e+000,2.984978345484e+000
end_pose
-2.591705322266e+001,-2.980464935303e+000,3.027095327740e+000
-2.591705322266e+001,-2.980464935303e+000,9.475301796271e-002
-2.344554901123e+001,-2.437749099731e+001,-2.911767779821e+000
8.708621978760e+000,-3.190024566650e+001,3.018503383818e+000
-2.838855743408e+001,1.841655921936e+001,2.778884857871e+000
1.017395019531e+000,2.957604598999e+001,2.747700305360e+000
-1.377775382996e+001,-4.542828750610e+001,3.073360417140e+000
4.314642333984e+001,-4.153819656372e+001,3.080039774166e+000
-1.713837242126e+001,-1.633377456665e+001,3.005524355450e+000
4.019996643066e+001,-8.483331680298e+000,2.989338528482e+000
end_pose
-2.588315200806e+001,-3.120605468750e+000,3.021606800142e+000
-2.588315200806e+001,-3.120605468750e+000,9.641123302633e-002
-2.330506515503e+001,-2.439818572998e+001,-2.903295198497e+000
8.482425689697e+000,-3.211978149414e+001,2.582440180310e+000
-2.846123886108e+001,1.815697479248e+001,2.776927224527e+000
7.121124267578e-001,2.929356956482e+001,2.924398981471e+000
-1.375566864014e+001,-4.516493606567e+001,3.073939318271e+000
4.406225204468e+001,-4.124734878540e+001,3.090867607108e+000
-1.726862335205e+001,-1.617158126831e+001,3.002320281744e+000
3.989915084839e+001,-8.157818794250e+000,2.999292403287e+000
end_pose
-2.583130645752e+001,-3.230060577393e+000,3.017193663793e+000
-2.583130645752e+001,-3.230060577393e+000,9.172721264789e-002
-2.314498901367e+001,-2.460265731812e+001,-2.905174442882e+000
8.430068969727e+000,-3.220983505249e+001,2.150423274935e+000
-2.851763153076e+001,1.814253425598e+001,2.756860056296e+000
9.610404968262e-001,3.007876205444e+001,-2.929467766447e+000
-1.379888725281e+001,-4.474903106689e+001,3.078377429634e+000
4.440464782715e+001,-4.106476974487e+001,3.090623345886e+000
-1.742344474792e+001,-1.591170310974e+001,3.003633235817e+000
4.008419036865e+001,-7.927274227142e+000,3.004519659269e+000
end_pose
-2.601779556274e+001,-3.343208312988e+000,3.013795941743e+000
-2.601779556274e+001,-3.343208312988e+000,1.043981532848e-001
-2.326561355591e+001,-2.464124679565e+001,-2.924530662064e+000
7.909549713135e+000,-3.151650619507e+001,1.280699955018e+000
-2.876997756958e+001,1.795483016968e+001,2.665420146657e+000
-3.133563995361e+000,3.117695236206e+001,-1.538416046575e+000
-1.361988830566e+001,-4.450177383423e+001,3.080285665420e+000
4.441872024536e+001,-4.093912887573e+001,3.078209260078e+000
-1.732208251953e+001,-1.585196304321e+001,3.004039981937e+000
4.062849426270e+001,-7.830056190491e+000,3.005839737056e+000
end_pose
-2.701411437988e+001,-3.352241516113e+000,3.018131523404e+000
-2.701411437988e+001,-3.352241516113e+000,5.228173409886e-002
-2.448402404785e+001,-2.344384384155e+001,-2.935179977370e+000
6.593044281006e+000,-2.995122528076e+001,8.916508407255e-001
-2.954420471191e+001,1.673936080933e+001,2.700473083376e+000
-2.589042663574e+000,2.946621322632e+001,-1.099834587352e+000
-1.197511672974e+001,-4.217077636719e+001,3.109323283174e+000
4.449664306641e+001,-4.034777832031e+001,3.094053839034e+000
-1.534212112427e+001,-1.543317413330e+001,2.993905166713e+000
4.269079971313e+001,-6.799560546875e+000,3.060400363879e+000
end_pose
-2.653866958618e+001,-2.347370147705e+000,3.053371432895e+000
-2.653866958618e+001,-2.347370147705e+000,-4.420482826789e-003
-2.485821151733e+001,-2.168692398071e+001,-2.869660023706e+000
5.444309234619e+000,-3.013648223877e+001,8.640326132670e-001
-2.821912765503e+001,1.699218559265e+001,2.902762141365e+000
-2.447006225586e+000,2.326711463928e+001,-7.803718677515e-001
-1.264914703369e+001,-4.200503921509e+001,3.111256040888e+000
4.457153320313e+001,-4.026862716675e+001,3.098883445734e+000
-1.499193572998e+001,-1.504317092896e+001,3.000711507734e+000
4.208394241333e+001,-6.948630332947e+000,3.041715894199e+000
end_pose
-2.617356109619e+001,-2.356025695801e+000,3.051819135900e+000
-2.617356109619e+001,-2.356025695801e+000,-1.616176325997e-002
-2.444873046875e+001,-2.144029235840e+001,-2.884908896503e+000
1.454116821289e+000,-2.823910903931e+001,5.833144411309e-001
-2.789839172363e+001,1.672824096680e+001,2.888591254363e+000
-1.641853332520e+000,2.351664161682e+001,-6.911158368014e-001
-1.229688072205e+001,-4.124249649048e+001,3.122987986238e+000
4.451857757568e+001,-4.018539428711e+001,3.087401489791e+000
-1.465035057068e+001,-1.520270824432e+001,2.996733593971e+000
4.252722167969e+001,-6.861597061157e+000,3.040792769957e+000
end_pose
-2.654555892944e+001,-2.497184753418e+000,3.047796825181e+000
-2.654555892944e+001,-2.497184753418e+000,-1.842449521644e-002
-2.472275924683e+001,-2.172332763672e+001,-2.935003639369e+000
7.193641662598e-001,-2.705546569824e+001,5.111136852612e-001
-2.836835861206e+001,1.672895622253e+001,2.862090685345e+000
-8.335762023926e-001,2.463186073303e+001,-5.695888647774e-001
-1.176909065247e+001,-4.086309051514e+001,3.130108432399e+000
4.497650146484e+001,-4.021126556396e+001,3.075418876944e+000
-1.422923469543e+001,-1.491448974609e+001,2.998896995401e+000
4.256404113770e+001,-6.754884719849e+000,3.042213594454e+000
end_pose
-2.680215072632e+001,-2.156255722046e+000,3.061315106307e+000
-2.680215072632e+001,-2.156255722046e+000,-4.630710837551e-002
-2.515452194214e+001,-2.221160697937e+001,-3.127745482682e+000
-1.181617355347e+001,-2.239632987976e+001,8.014914255472e-001
-2.844977951050e+001,1.789909744263e+001,2.888885950400e+000
-1.132209777832e+000,2.495323181152e+001,-4.772412655345e-001
-1.161196517944e+001,-4.058427429199e+001,3.131377750466e+000
4.512477874756e+001,-4.000466156006e+001,3.083616181848e+000
-1.374503707886e+001,-1.462001323700e+001,3.001958071294e+000
4.292890167236e+001,-6.654546260834e+000,3.036235531183e+000
end_pose
-2.688806152344e+001,-1.915590286255e+000,3.070469883637e+000
-2.688806152344e+001,-1.915590286255e+000,6.246194620822e-002
-2.538165283203e+001,-2.258708763123e+001,-3.091330752869e+000
-1.169115066528e+001,-2.327577018738e+001,7.490891942384e-001
-2.839447021484e+001,1.875590324402e+001,2.870096537308e+000
-1.310913085938e+000,2.629514503479e+001,-4.303767042788e-001
-1.148882484436e+001,-4.042646026611e+001,3.128697274715e+000
4.599462890625e+001,-3.968490982056e+001,3.086771686899e+000
-1.338530921936e+001,-1.440215873718e+001,2.995097680608e+000
4.365942382813e+001,-5.985097885132e+000,3.022390388279e+000
end_pose
-2.699700927734e+001,-1.722476959229e+000,3.077876435350e+000
-2.699700927734e+001,-1.722476959229e+000,1.007735537931e-001
-2.565267181396e+001,-2.251338005066e+001,3.130859986557e+000
-8.002410888672e+000,-2.232382392883e+001,3.573148186750e-001
-2.834133911133e+001,1.906842422485e+001,2.895998953852e+000
-1.265846252441e+000,2.585499191284e+001,-4.610893377674e-001
-1.142523384094e+001,-4.036123275757e+001,3.127001432629e+000
4.583393859863e+001,-3.952583312988e+001,3.086557066787e+000
-1.310898017883e+001,-1.432107257843e+001,2.997681576394e+000
4.378726959229e+001,-6.076075553894e+000,3.021448444870e+000
end_pose
-2.734839630127e+001,-1.707660675049e+000,3.079233414081e+000
-2.734839630127e+001,-1.707660675049e+000,5.140831731371e-002
-2.602980041504e+001,-2.269860267639e+001,-3.070557083109e+000
-6.434593200684e+000,-2.409290504456e+001,5.361059652529e-001
-2.866699218750e+001,1.928328323364e+001,2.896546435895e+000
-1.499717712402e+000,2.607705497742e+001,-5.534067057825e-001
-1.094574737549e+001,-4.027292251587e+001,3.121742931487e+000
4.663149642944e+001,-3.912982940674e+001,3.091671139012e+000
-1.258998870850e+001,-1.409793949127e+001,2.995366137250e+000
4.412734603882e+001,-5.744730949402e+000,3.031227422973e+000
end_pose
-2.742037963867e+001,-1.529857635498e+000,3.085857583808e+000
-2.742037963867e+001,-1.529857635498e+000,9.045407730175e-002
-2.623329162598e+001,-2.278017807007e+001,-3.068965565328e+000
-4.754333496094e+000,-2.434289550781e+001,5.895050944069e-001
-2.860746765137e+001,1.972046470642e+001,2.939840339083e+000
3.502120971680e-001,2.564332199097e+001,-5.469402492176e-001
-1.065535736084e+001,-4.021652603149e+001,3.119983854892e+000
4.683084106445e+001,-3.897415542603e+001,3.097701822062e+000
-1.211812591553e+001,-1.403120899200e+001,2.991300788901e+000
4.437844848633e+001,-5.475726127625e+000,3.050335291550e+000
end_pose
-2.764955139160e+001,-1.652101516724e+000,3.081912850014e+000
-2.764955139160e+001,-1.652101516724e+000,3.777759003005e-002
-2.638876342773e+001,-2.277783393860e+001,-3.039742088164e+000
-4.308071136475e+000,-2.503456687927e+001,4.932213509489e-001
-2.891033172607e+001,1.947362899780e+001,2.924761283255e+000
-8.097839355469e-001,2.566403007507e+001,-5.098395020990e-001
-1.009887504578e+001,-3.973861312866e+001,3.122087909847e+000
4.714734649658e+001,-3.862196731567e+001,3.110834372283e+000
-1.163985252380e+001,-1.391793727875e+001,2.994272635339e+000
4.446099853516e+001,-5.592846870422e+000,3.035697691129e+000
end_pose
-2.793222045898e+001,-2.013538360596e+000,3.069631173279e+000
-2.793222045898e+001,-2.013538360596e+000,1.544434400333e-001
-2.641540527344e+001,-2.318680953979e+001,-3.013487537533e+000
-3.823955535889e+000,-2.609682846069e+001,6.734503160778e-001
-2.944904327393e+001,1.915973281860e+001,2.920947269032e+000
-2.186325073242e+000,2.527468109131e+001,-4.587840180496e-001
-9.402158737183e+000,-3.785689163208e+001,-3.132349955427e+000
4.694946289063e+001,-3.837762832642e+001,3.109230455946e+000
-1.113046073914e+001,-1.373148250580e+001,2.993140396991e+000
4.527499389648e+001,-5.295911788940e+000,3.052018651065e+000
end_pose
-2.844797134399e+001,-2.101127624512e+000,3.067867767739e+000
-2.844797134399e+001,-2.101127624512e+000,2.265472077699e-001
-2.692191696167e+001,-2.294959449768e+001,-2.986375996959e+000
-3.051345825195e+000,-2.668475532532e+001,6.567275702134e-001
-2.997403335571e+001,1.874733924866e+001,2.917251787249e+000
-2.915035247803e+000,2.492171096802e+001,-4.649670234733e-001
-8.538579940796e+000,-3.716225433350e+001,-3.130002459687e+000
4.825305175781e+001,-3.782053375244e+001,3.112768366422e+000
-1.030742454529e+001,-1.299695205688e+001,3.000213974612e+000
4.557071685791e+001,-5.043916225433e+000,3.061687645012e+000
end_pose
-2.817885589600e+001,-1.726514816284e+000,3.080399822297e+000
-2.817885589600e+001,-1.726514816284e+000,1.587693879940e-001
-2.691919708252e+001,-2.250626373291e+001,-3.023237934811e+000
-6.438781738281e+000,-2.494159317017e+001,6.848117879719e-001
-2.943850708008e+001,1.905323028564e+001,2.907914599069e+000
-2.327320098877e+000,2.550640678406e+001,-4.848875226088e-001
-9.099767684937e+000,-3.791812133789e+001,-3.140436761110e+000
4.800270843506e+001,-3.798316955566e+001,3.104694930566e+000
-1.059672355652e+001,-1.322375583649e+001,2.994231281571e+000
4.621846008301e+001,-4.790261268616e+000,3.060670718855e+000
end_pose
-2.781505203247e+001,-1.594295501709e+000,3.084338100500e+000
-2.781505203247e+001,-1.594295501709e+000,1.608565003727e-001
-2.665851974487e+001,-2.243968391418e+001,-2.991362078224e+000
-6.146808624268e+000,-2.554456520081e+001,6.033681195033e-001
-2.897157669067e+001,1.925109481812e+001,2.851293870552e+000
-2.241741180420e+000,2.723631286621e+001,-5.884561434838e-001
-9.842714309692e+000,-3.828864288330e+001,3.138642212767e+000
4.800132751465e+001,-3.811822128296e+001,3.098024606687e+000
-1.123243904114e+001,-1.324005603790e+001,2.995795575068e+000
4.566918945313e+001,-4.884675979614e+000,3.054835215770e+000
end_pose
-2.773339462280e+001,-1.409877777100e+000,3.090800512181e+000
-2.773339462280e+001,-1.409877777100e+000,1.396055710335e-001
-2.671259689331e+001,-2.195269966125e+001,-2.936142748258e+000
-4.851039886475e+000,-2.650843620300e+001,5.844562525788e-001
-2.875419998169e+001,1.913294601440e+001,2.823301532518e+000
-2.354534149170e+000,2.783147239685e+001,-6.319446302802e-001
-9.901224136353e+000,-3.817749404907e+001,3.140628490704e+000
4.754839324951e+001,-3.812380218506e+001,3.098385257603e+000
-1.114712715149e+001,-1.310468292236e+001,2.998285820246e+000
4.566764068604e+001,-4.906552314758e+000,3.018575584244e+000
end_pose
end_action
-2.727873992920e+001,-1.889410018921e+000,3.072439790292e+000
-2.727873992920e+001,-1.889410018921e+000,7.630767992183e-002
-2.573880004883e+001,-2.390956497192e+001,-2.860740508010e+000
5.116123199463e+000,-3.281049728394e+001,-3.128290662433e+000
-2.881867980957e+001,2.013074684143e+001,2.859243040958e+000
-5.390434265137e-001,2.833466529846e+001,2.725194396000e+000
-9.481264114380e+000,-3.746339797974e+001,3.126934157333e+000
4.753751373291e+001,-3.662754821777e+001,3.129296259386e+000
-1.134941291809e+001,-1.075001144409e+001,3.032211806166e+000
4.538071441650e+001,-4.519942760468e+000,3.043363646855e+000
end_pose
-2.721632766724e+001,-1.933446884155e+000,3.070671528745e+000
-2.721632766724e+001,-1.933446884155e+000,8.674260765188e-002
-2.564141845703e+001,-2.398129081726e+001,-2.882513623690e+000
4.208492279053e+000,-3.189258003235e+001,-3.113000193937e+000
-2.879123306274e+001,2.011439704895e+001,2.853795041788e+000
-7.699317932129e-001,2.840914726257e+001,2.724678834254e+000
-9.678863525391e+000,-3.748778915405e+001,3.124805693615e+000
4.730436706543e+001,-3.653126525879e+001,3.130478282400e+000
-1.158976745605e+001,-1.073626041412e+001,3.033533467244e+000
4.537384414673e+001,-4.556733608246e+000,3.042658379291e+000
end_pose
-2.724563217163e+001,-2.118814468384e+000,3.063982123122e+000
-2.724563217163e+001,-2.118814468384e+000,8.545437861024e-002
-2.553781509399e+001,-2.402358055115e+001,-2.909651775050e+000
4.692203521729e+000,-3.116365242004e+001,-3.075022688913e+000
-2.895344924927e+001,1.978595542908e+001,2.831304494494e+000
-1.331226348877e+000,2.864289093018e+001,2.721205144605e+000
-9.801988601685e+000,-3.754221343994e+001,3.122715748837e+000
4.718452453613e+001,-3.646633529663e+001,3.128586688956e+000
-1.189415931702e+001,-1.070768165588e+001,3.035080283212e+000
4.515983581543e+001,-4.607648849487e+000,3.044202516767e+000
end_pose
-2.720458602905e+001,-2.195398330688e+000,3.061067656109e+000
-2.720458602905e+001,-2.195398330688e+000,7.648825861424e-002
-2.543051147461e+001,-2.418140220642e+001,-2.915311582453e+000
4.712440490723e+000,-3.112103462219e+001,-3.075148070345e+000
-2.897866439819e+001,1.979060745239e+001,2.830351639841e+000
-1.525363922119e+000,2.862223815918e+001,2.727570181442e+000
-1.000828552246e+001,-3.766682052612e+001,3.120908679895e+000
4.710033035278e+001,-3.648553848267e+001,3.117937108204e+000
-1.219818115234e+001,-1.052758598328e+001,3.036755523704e+000
4.496950912476e+001,-4.512233734131e+000,3.059201367917e+000
end_pose
-2.729258346558e+001,-2.193185806274e+000,3.061406733709e+000
-2.729258346558e+001,-2.193185806274e+000,5.411759857986e-002
-2.552653121948e+001,-2.416778564453e+001,-2.909007287522e+000
4.997760772705e+000,-3.139813995361e+001,-3.113577723501e+000
-2.905863571167e+001,1.978141021729e+001,2.826075907495e+000
-1.706470489502e+000,2.870973587036e+001,2.755058350887e+000
-1.001052665710e+001,-3.777141571045e+001,3.119959494806e+000
4.716696166992e+001,-3.653427505493e+001,3.122894147559e+000
-1.220221519470e+001,-1.050074005127e+001,3.035915396740e+000
4.508410644531e+001,-4.424237728119e+000,3.054425362447e+000
end_pose
-2.730561447144e+001,-2.243888854980e+000,3.059599961966e+000
-2.730561447144e+001,-2.243888854980e+000,3.325168663311e-002
-2.551189804077e+001,-2.411672592163e+001,-3.009138219850e+000
6.070056915283e+000,-2.832453918457e+001,-3.068099896835e+000
-2.909933853149e+001,1.962894821167e+001,2.824287477980e+000
-1.534767150879e+000,2.868118667603e+001,2.800767051846e+000
-1.011664009094e+001,-3.769046783447e+001,3.120889381432e+000
4.715248870850e+001,-3.650456237793e+001,3.124226282359e+000
-1.234957313538e+001,-1.046177959442e+001,3.035892415362e+000
4.515709686279e+001,-4.360560894012e+000,3.052908594685e+000
end_pose
-2.728411102295e+001,-2.230268478394e+000,3.060030954866e+000
-2.728411102295e+001,-2.230268478394e+000,3.770144077837e-002
-2.549572753906e+001,-2.410021209717e+001,-3.029944181590e+000
6.643375396729e+000,-2.770347213745e+001,-3.086536835673e+000
-2.907249450684e+001,1.963967895508e+001,2.824101130683e+000
-1.581058502197e+000,2.867357635498e+001,2.871400527037e+000
-1.020989608765e+001,-3.754231262207e+001,3.124391418613e+000
4.725827026367e+001,-3.655366516113e+001,3.123580245051e+000
-1.243201065063e+001,-1.036829280853e+001,3.037794934985e+000
4.519796371460e+001,-4.364830017090e+000,3.046579060946e+000
end_pose
-2.738084793091e+001,-2.286880493164e+000,3.058265095946e+000
-2.738084793091e+001,-2.286880493164e+000,4.250688589547e-002
-2.554396438599e+001,-2.424673461914e+001,-2.997187924378e+000
6.407760620117e+000,-2.889304733276e+001,2.982662567902e+000
-2.921773147583e+001,1.967297554016e+001,2.799324059450e+000
-1.887184143066e+000,2.941061782837e+001,3.013994476868e+000
-1.029091262817e+001,-3.740842437744e+001,3.126476146547e+000
4.739762878418e+001,-3.653631591797e+001,3.122623013826e+000
-1.257005691528e+001,-1.016136837006e+001,3.040678162943e+000
4.514839553833e+001,-4.316873073578e+000,3.047027673411e+000
end_pose
-2.735337448120e+001,-2.293397903442e+000,3.057944448310e+000
-2.735337448120e+001,-2.293397903442e+000,5.887811318502e-002
-2.550613021851e+001,-2.424543190002e+001,-2.921480765572e+000
8.061416625977e+000,-3.175573921204e+001,2.784972208277e+000
-2.920060348511e+001,1.965864181519e+001,2.764425093289e+000
-1.361915588379e+000,3.068644142151e+001,-3.090781299822e+000
-1.031930541992e+001,-3.731615447998e+001,3.127423891296e+000
4.751753616333e+001,-3.649665451050e+001,3.120245503763e+000
-1.261196136475e+001,-1.007083511353e+001,3.041166917390e+000
4.511688232422e+001,-4.253802299500e+000,3.048429321151e+000
end_pose
-2.743442916870e+001,-2.719324111938e+000,3.042794544757e+000
-2.743442916870e+001,-2.719324111938e+000,1.392516188463e-001
-2.530643844604e+001,-2.480341911316e+001,-2.943939474049e+000
9.311634063721e+000,-3.173631095886e+001,2.453633356513e+000
-2.956241989136e+001,1.936476898193e+001,2.756288538132e+000
-2.240253448486e+000,3.044598770142e+001,-2.916596482791e+000
-1.094723892212e+001,-3.591505813599e+001,-3.131253019768e+000
4.856776428223e+001,-3.653037261963e+001,3.122355095910e+000
-1.344981002808e+001,-9.943598747253e+000,3.039504073289e+000
4.419887924194e+001,-4.037804126740e+000,3.052316387094e+000
end_pose
-2.747010803223e+001,-2.551387786865e+000,3.048979474331e+000
-2.747010803223e+001,-2.551387786865e+000,1.106161070808e-001
-2.543922424316e+001,-2.462469673157e+001,-2.930538806042e+000
7.521400451660e+000,-3.168631172180e+001,1.840971414620e+000
-2.950099182129e+001,1.952192115784e+001,2.716582621716e+000
-2.531875610352e+000,3.172801399231e+001,-2.460706238618e+000
-1.082476234436e+001,-3.645201492310e+001,3.140713586834e+000
4.841284179688e+001,-3.640071487427e+001,3.124351296771e+000
-1.326694679260e+001,-9.908355712891e+000,3.039060213301e+000
4.438153076172e+001,-3.976721286774e+000,3.052297278516e+000
end_pose
-2.703203201294e+001,-2.228364944458e+000,3.059344072580e+000
-2.703203201294e+001,-2.228364944458e+000,1.005398849535e-001
-2.518443679810e+001,-2.429959106445e+001,-2.927629609301e+000
4.184066772461e+000,-3.068104934692e+001,1.464106550487e+000
-2.887962722778e+001,1.984286308289e+001,2.748743436254e+000
-1.456996917725e+000,3.120651054382e+001,-1.832941782889e+000
-1.203832817078e+001,-3.682859039307e+001,3.133909376728e+000
4.702291870117e+001,-3.637471008301e+001,3.125777156528e+000
-1.423750877380e+001,-1.055739212036e+001,3.030586171342e+000
4.575530242920e+001,-3.870339393616e+000,3.052733575870e+000
end_pose
-2.736278533936e+001,-2.216979980469e+000,3.060747705000e+000
-2.736278533936e+001,-2.216979980469e+000,1.168141514717e-001
-2.555449676514e+001,-2.411542320251e+001,-2.885568323265e+000
3.149589538574e+000,-3.162926673889e+001,1.139764675408e+000
-2.917108154297e+001,1.968146324158e+001,2.731809567470e+000
-1.879650115967e+000,3.153613281250e+001,-5.602333419827e-001
-1.143642234802e+001,-3.686485671997e+001,3.131214098322e+000
4.742053222656e+001,-3.625382995605e+001,3.124780264342e+000
-1.362796592712e+001,-1.032518863678e+001,3.033326809791e+000
4.534480285645e+001,-3.915391921997e+000,3.052409740324e+000
end_pose
-2.701694107056e+001,-1.185401916504e+000,3.097744229780e+000
-2.701694107056e+001,-1.185401916504e+000,2.779680643965e-002
-2.611952590942e+001,-2.089722824097e+001,-2.800056056212e+000
2.189254760742e-002,-3.018963241577e+001,8.856041494844e-001
-2.791436386108e+001,1.852642440796e+001,2.737119263989e+000
-8.048133850098e-001,3.013137626648e+001,-2.440514061417e-001
-1.164269447327e+001,-3.685601043701e+001,3.131902987402e+000
4.718665313721e+001,-3.628601455688e+001,3.125832803216e+000
-1.286310005188e+001,-1.004967689514e+001,3.036145358081e+000
4.567849731445e+001,-3.853657245636e+000,3.051006246846e+000
end_pose
-2.706971740723e+001,-1.236436843872e+000,3.095948365795e+000
-2.706971740723e+001,-1.236436843872e+000,2.818827716569e-002
-2.612647247314e+001,-2.086217689514e+001,-2.905975929173e+000
1.527091979980e+000,-2.750113105774e+001,7.430826165079e-001
-2.801296234131e+001,1.838929748535e+001,2.850720165271e+000
-2.279632568359e+000,2.609290885925e+001,-1.253625721994e-001
-1.127880096436e+001,-3.669367980957e+001,3.134998570317e+000
4.749965286255e+001,-3.630655670166e+001,3.134037411988e+000
-1.257440948486e+001,-9.736415863037e+000,3.038521859318e+000
4.562404251099e+001,-3.716520786285e+000,3.053204352877e+000
end_pose
-2.758285140991e+001,-9.084720611572e-001,3.108667654337e+000
-2.758285140991e+001,-9.084720611572e-001,2.110375661182e-002
-2.684888076782e+001,-2.262944793701e+001,-2.931597515360e+000
2.716941833496e-001,-2.840985870361e+001,8.097688715051e-001
-2.831682205200e+001,2.081250000000e+001,2.943285727149e+000
-5.084663391113e+000,2.548095321655e+001,-3.601691772477e-001
-9.724193572998e+000,-3.627914047241e+001,-3.140871852936e+000
4.901387023926e+001,-3.632450103760e+001,3.132075629576e+000
-1.060536575317e+001,-1.020212173462e+001,3.022860547905e+000
4.445954513550e+001,-3.633258342743e+000,3.053096665179e+000
end_pose
-2.709405517578e+001,-7.832813262939e-001,3.112690659750e+000
-2.709405517578e+001,-7.832813262939e-001,2.120104748585e-002
-2.641564941406e+001,-2.263503265381e+001,-2.905467186712e+000
-3.152999877930e-001,-2.891514587402e+001,8.351294125122e-001
-2.777246093750e+001,2.106847190857e+001,3.039820928073e+000
-1.161113739014e+000,2.378614425659e+001,-3.578737131411e-001
-1.002151298523e+001,-3.540378952026e+001,-3.127589213508e+000
4.813874053955e+001,-3.621820831299e+001,3.133578711758e+000
-1.081041526794e+001,-9.992899894714e+000,3.029432778741e+000
4.566987609863e+001,-3.631361007690e+000,3.056192130515e+000
end_pose
-2.749651718140e+001,-9.318218231201e-001,3.107716228116e+000
-2.749651718140e+001,-9.318218231201e-001,3.404315267419e-002
-2.673052597046e+001,-2.324553108215e+001,-2.943455119747e+000
-2.578544616699e-001,-2.856050300598e+001,7.179374130348e-001
-2.826250076294e+001,2.138188552856e+001,3.066171569724e+000
-9.681816101074e-001,2.344437599182e+001,-2.725786005290e-001
-9.382047653198e+000,-3.552405929565e+001,-3.131460693192e+000
4.895630645752e+001,-3.611521911621e+001,3.133382872664e+000
-1.025668907166e+001,-1.004512310028e+001,3.026535234158e+000
4.516228485107e+001,-3.640471458435e+000,3.055430132927e+000
end_pose
-2.753971862793e+001,-7.811737060547e-001,3.113236100526e+000
-2.753971862793e+001,-7.811737060547e-001,1.729966078337e-002
-2.691240310669e+001,-2.299011993408e+001,-2.940041136049e+000
-2.631683349609e-001,-2.843524932861e+001,6.466019539881e-001
-2.816703033447e+001,2.142777252197e+001,3.073125125802e+000
-1.051437377930e+000,2.328721427917e+001,-1.485512051193e-001
-9.085830688477e+000,-3.538569641113e+001,-3.129820336635e+000
4.920994186401e+001,-3.607171630859e+001,3.133176595589e+000
-9.811065673828e+000,-9.710127830505e+000,3.031197468900e+000
4.530064392090e+001,-3.601202964783e+000,3.054861853215e+000
end_pose
-2.807624435425e+001,-3.429412841797e-003,3.141592653590e+000
-2.807624435425e+001,-3.429412841797e-003,-3.431404866826e-002
-2.809038162231e+001,-2.103839111328e+001,-2.908235250563e+000
6.846122741699e-001,-2.787784957886e+001,6.250504231991e-001
-2.806210708618e+001,2.103153228760e+001,3.073308517246e+000
-1.144145965576e+000,2.287245368958e+001,-1.368037972425e-001
-9.321449279785e+000,-3.526152420044e+001,-3.129247440461e+000
4.899502182007e+001,-3.598143386841e+001,3.133978851350e+000
-9.304008483887e+000,-9.308246612549e+000,3.036973355535e+000
4.576264572144e+001,-3.526089668274e+000,3.057509071895e+000
end_pose
-2.803101730347e+001,1.002559661865e-001,-3.138016028830e+000
-2.803101730347e+001,1.002559661865e-001,-4.828364074152e-002
-2.812971878052e+001,-2.089208221436e+001,-2.890042030237e+000
8.383216857910e-001,-2.833670425415e+001,6.284214659423e-001
-2.793231582642e+001,2.109259796143e+001,3.081735498644e+000
-1.123813629150e+000,2.269918823242e+001,-1.882099035512e-001
-9.249324798584e+000,-3.519802093506e+001,-3.128325425460e+000
4.900083160400e+001,-3.597073364258e+001,3.132938585079e+000
-9.126102447510e+000,-8.990133285522e+000,3.041288217879e+000
4.596338272095e+001,-3.445816516876e+000,3.059078958030e+000
end_pose
-2.778687286377e+001,-1.226139068604e-001,3.137177430925e+000
-2.778687286377e+001,-1.226139068604e-001,-4.357139717992e-002
-2.771386718750e+001,-2.150619506836e+001,-2.920280778063e+000
3.178787231445e-001,-2.781326293945e+001,6.566357710845e-001
-2.785987854004e+001,2.126096343994e+001,3.021153452175e+000
-3.885810852051e+000,2.416241645813e+001,-3.450316554463e-001
-9.308929443359e+000,-3.499826812744e+001,-3.127489167556e+000
4.860433959961e+001,-3.581495666504e+001,3.135219713859e+000
-9.397476196289e+000,-9.061762809753e+000,3.040147203402e+000
4.667571258545e+001,-3.353807449341e+000,3.058927667954e+000
end_pose
-2.789936447144e+001,-2.315998077393e-001,3.133291433717e+000
-2.789936447144e+001,-2.315998077393e-001,-4.548966487319e-002
-2.776438522339e+001,-2.198080635071e+001,-2.923739911705e+000
4.795074462891e-002,-2.813750648499e+001,6.619557365743e-001
-2.803433609009e+001,2.151760673523e+001,3.031345126332e+000
-3.382274627686e+000,2.424649429321e+001,-4.145224313121e-001
-9.206571578979e+000,-3.502072143555e+001,-3.129142394122e+000
4.872051239014e+001,-3.574181365967e+001,3.136742298984e+000
-9.369329452515e+000,-8.794045448303e+000,3.043350894358e+000
4.641580200195e+001,-3.295932292938e+000,3.059528087707e+000
end_pose
end_action
-2.812303161621e+001,-2.232799530029e+000,3.062364423746e+000
-2.812303161621e+001,-2.232799530029e+000,7.931734754537e-002
-2.635575103760e+001,-2.408695983887e+001,-2.862624722087e+000
6.674694061279e+000,-3.354811096191e+001,-2.882573034604e+000
-2.989030456543e+001,1.962136077881e+001,2.866614946341e+000
-1.126296997070e+000,2.773639488220e+001,2.724615102259e+000
-9.003433227539e+000,-3.616317367554e+001,3.140297631996e+000
5.013626480103e+001,-3.608604812622e+001,3.123021161928e+000
-1.120967864990e+001,-8.880674362183e+000,3.046271002917e+000
4.588147354126e+001,-3.422120094299e+000,3.054500444083e+000
end_pose
-2.807561111450e+001,-2.184951782227e+000,3.063925384722e+000
-2.807561111450e+001,-2.184951782227e+000,5.905741551562e-002
-2.635217666626e+001,-2.398968696594e+001,-2.859317879929e+000
6.472583770752e+000,-3.350949096680e+001,-2.914577289806e+000
-2.979903793335e+001,1.961978340149e+001,2.865043379964e+000
-1.581912994385e+000,2.762842559814e+001,2.725486528741e+000
-9.045341491699e+000,-3.628968811035e+001,3.139560548748e+000
5.007638168335e+001,-3.616936111450e+001,3.121131058340e+000
-1.120315551758e+001,-8.989209175110e+000,3.047455166178e+000
4.598359298706e+001,-3.589849472046e+000,3.050004678318e+000
end_pose
-2.811027145386e+001,-2.309648513794e+000,3.059613182330e+000
-2.811027145386e+001,-2.309648513794e+000,7.751076970804e-002
-2.627197647095e+001,-2.446954154968e+001,-2.880876803139e+000
6.171867370605e+000,-3.312517547607e+001,-2.919185046245e+000
-2.994856643677e+001,1.985023880005e+001,2.870166290955e+000
-1.514110565186e+000,2.776338386536e+001,2.731747353435e+000
-9.132484436035e+000,-3.663232803345e+001,3.135378505448e+000
5.013836288452e+001,-3.626428222656e+001,3.119080086912e+000
-1.141692352295e+001,-9.094439506531e+000,3.047164980740e+000
4.584381484985e+001,-3.671302318573e+000,3.047294868811e+000
end_pose
-2.819948196411e+001,-2.231580734253e+000,3.062621427763e+000
-2.819948196411e+001,-2.231580734253e+000,7.680824562473e-002
-2.642927169800e+001,-2.444119453430e+001,-2.882303104600e+000
6.043502807617e+000,-3.305495452881e+001,-2.980160131056e+000
-2.996969223022e+001,1.997803497314e+001,2.871378034894e+000
-1.466182708740e+000,2.787319946289e+001,2.732927549058e+000
-9.212423324585e+000,-3.720449447632e+001,3.126597775677e+000
5.009443664551e+001,-3.631512451172e+001,3.116456744934e+000
-1.144940757751e+001,-9.138654708862e+000,3.048263623375e+000
4.598552703857e+001,-3.762696266174e+000,3.046038544369e+000
end_pose
-2.823924636841e+001,-2.383941650391e+000,3.057372966308e+000
-2.823924636841e+001,-2.383941650391e+000,9.039988640199e-002
-2.635660171509e+001,-2.458045387268e+001,-2.882265184845e+000
6.504699707031e+000,-3.329859924316e+001,-3.024909323485e+000
-3.012189102173e+001,1.981256866455e+001,2.859874069182e+000
-1.604084014893e+000,2.806607818604e+001,2.776025046552e+000
-9.147291183472e+000,-3.707386016846e+001,3.129991019054e+000
5.019632720947e+001,-3.638554382324e+001,3.114480514203e+000
-1.151056480408e+001,-9.210689544678e+000,3.048230087867e+000
4.606697845459e+001,-3.819437026978e+000,3.045991821238e+000
end_pose
-2.838236618042e+001,-2.311582565308e+000,3.060327730581e+000
-2.838236618042e+001,-2.311582565308e+000,7.869797163037e-002
-2.656840896606e+001,-2.436608505249e+001,-2.884492040636e+000
6.553989410400e+000,-3.307460021973e+001,-3.058946333946e+000
-3.019632339478e+001,1.974292373657e+001,2.859515937705e+000
-8.615341186523e-001,2.824426651001e+001,2.810110610743e+000
-9.248950958252e+000,-3.711153793335e+001,3.129444376507e+000
5.014661407471e+001,-3.638984298706e+001,3.115616915399e+000
-1.153690719604e+001,-9.294160842896e+000,3.047543635456e+000
4.619013977051e+001,-3.848919868469e+000,3.047609215206e+000
end_pose
-2.834716796875e+001,-2.256608963013e+000,3.062154163118e+000
-2.834716796875e+001,-2.256608963013e+000,6.522291224575e-002
-2.657779693604e+001,-2.422637939453e+001,-2.884813733425e+000
6.760982513428e+000,-3.298031997681e+001,-3.093142544999e+000
-3.011653137207e+001,1.971316528320e+001,2.850844296314e+000
-9.666976928711e-001,2.843561172485e+001,3.007967652707e+000
-9.433069229126e+000,-3.725561904907e+001,3.129446614669e+000
4.988096618652e+001,-3.653500747681e+001,3.112646491531e+000
-1.167955970764e+001,-9.361559867859e+000,3.048004507721e+000
4.625937652588e+001,-3.923293590546e+000,3.048981583254e+000
end_pose
-2.833822631836e+001,-2.194738388062e+000,3.064299062219e+000
-2.833822631836e+001,-2.194738388062e+000,5.516967345861e-002
-2.661283874512e+001,-2.415720367432e+001,-2.879887895557e+000
6.836219787598e+000,-3.311646270752e+001,3.078885763265e+000
-3.006361389160e+001,1.976773071289e+001,2.840743838187e+000
-9.436607360840e-001,2.880267524719e+001,-3.067611570398e+000
-9.530376434326e+000,-3.728507614136e+001,3.129353401432e+000
4.985120391846e+001,-3.655846023560e+001,3.112475688596e+000
-1.170538711548e+001,-9.599370002747e+000,3.044694256184e+000
4.636630249023e+001,-3.954604625702e+000,3.054372579277e+000
end_pose
-2.856293869019e+001,-2.106401443481e+000,3.067979824483e+000
-2.856293869019e+001,-2.106401443481e+000,4.578547937827e-002
-2.690850448608e+001,-2.414509201050e+001,-2.890781132961e+000
7.107551574707e+000,-3.286022567749e+001,2.937126020597e+000
-3.021736526489e+001,1.993228912354e+001,2.804573749186e+000
-3.276748657227e-001,3.040522766113e+001,-2.705200943253e+000
-9.781606674194e+000,-3.761822509766e+001,3.124307416775e+000
4.963142395020e+001,-3.659124755859e+001,3.114373477910e+000
-1.184220695496e+001,-1.016892337799e+001,3.037439438731e+000
4.664859008789e+001,-4.054797649384e+000,3.054721720063e+000
end_pose
-2.869890594482e+001,-2.190504074097e+000,3.065413671678e+000
-2.869890594482e+001,-2.190504074097e+000,5.255206305551e-002
-2.700186157227e+001,-2.415623664856e+001,-2.893907855729e+000
7.078697204590e+000,-3.277443695068e+001,2.842348622325e+000
-3.039595031738e+001,1.977522850037e+001,2.751467746939e+000
-8.664627075195e-001,3.191778182983e+001,-2.277785689033e+000
-9.713943481445e+000,-3.772416305542e+001,3.123348911803e+000
4.976173019409e+001,-3.663905334473e+001,3.116226856580e+000
-1.184626770020e+001,-1.012432765961e+001,3.037127189988e+000
4.668144226074e+001,-3.987861156464e+000,3.054253675593e+000
end_pose
-2.867965316772e+001,-2.217241287231e+000,3.064435355390e+000
-2.867965316772e+001,-2.217241287231e+000,4.526987861668e-002
-2.696951675415e+001,-2.405639266968e+001,-2.890739742121e+000
7.012580871582e+000,-3.276432037354e+001,2.079211097486e+000
-3.038978958130e+001,1.962191200256e+001,2.714410858140e+000
-1.552516937256e+000,3.274905395508e+001,-1.843381542189e+000
-9.657470703125e+000,-3.762752914429e+001,3.125263752433e+000
4.993853759766e+001,-3.665436553955e+001,3.117664266122e+000
-1.181140136719e+001,-1.012094497681e+001,3.035137573101e+000
4.681458282471e+001,-3.856242656708e+000,3.054196921279e+000
end_pose
-2.870252227783e+001,-2.216510772705e+000,3.064522628413e+000
-2.870252227783e+001,-2.216510772705e+000,3.263550320788e-002
-2.700548553467e+001,-2.399346351624e+001,-2.876872553890e+000
6.452476501465e+000,-3.306331634521e+001,7.481385100939e-001
-3.039955139160e+001,1.956044006348e+001,2.691230680390e+000
-2.824447631836e+000,3.289304733276e+001,-1.505448330887e+000
-9.591821670532e+000,-3.754183578491e+001,3.127061113054e+000
5.008952331543e+001,-3.667451477051e+001,3.116353528930e+000
-1.173079872131e+001,-1.009367275238e+001,3.035347764563e+000
4.705516052246e+001,-3.824358940125e+000,3.056295782855e+000
end_pose
-2.870939636230e+001,-2.012975692749e+000,3.071591540174e+000
-2.870939636230e+001,-2.012975692749e+000,8.240085635854e-003
-2.719680786133e+001,-2.333084106445e+001,-2.846616335319e+000
5.606418609619e+000,-3.329778671265e+001,2.926925392134e-001
-3.022198486328e+001,1.930488777161e+001,2.695827363167e+000
-2.455993652344e+000,3.257266998291e+001,-1.235829536254e+000
-9.593206405640e+000,-3.744912338257e+001,3.127911529885e+000
5.028026580811e+001,-3.663003540039e+001,3.116736364617e+000
-1.152172660828e+001,-1.026933097839e+001,3.031165696447e+000
4.730608367920e+001,-3.746631622314e+000,3.056072954125e+000
end_pose
-2.880192565918e+001,-1.890693664551e+000,3.076042779683e+000
-2.880192565918e+001,-1.890693664551e+000,1.149418766949e-002
-2.738845825195e+001,-2.310368347168e+001,-2.831269912487e+000
4.335647583008e+000,-3.327708053589e+001,2.684165560837e-001
-3.021539306641e+001,1.932229614258e+001,2.832753431428e+000
-6.563720703125e-001,2.875304794312e+001,-9.029629827792e-001
-9.489868164063e+000,-3.743778228760e+001,3.126290222905e+000
5.058430099487e+001,-3.651827621460e+001,3.117137497204e+000
-1.127386474609e+001,-1.066413116455e+001,3.023365254558e+000
4.840808105469e+001,-3.575019359589e+000,3.057880633842e+000
end_pose
-2.896168136597e+001,-1.753540039063e+000,3.081119293355e+000
-2.896168136597e+001,-1.753540039063e+000,1.117818454200e-002
-2.770051956177e+001,-2.254598426819e+001,-2.801889828779e+000
2.452442169189e+000,-3.320211791992e+001,3.287353794220e-001
-3.022284317017e+001,1.903890419006e+001,2.896198728617e+000
-2.491497039795e+000,2.598397445679e+001,-8.232389183732e-001
-9.564323425293e+000,-3.745969009399e+001,3.124691594315e+000
5.068464660645e+001,-3.644142913818e+001,3.119526896847e+000
-1.118155670166e+001,-1.079681491852e+001,3.021747485126e+000
4.843557739258e+001,-3.617581844330e+000,3.055700359794e+000
end_pose
-2.921813201904e+001,-2.435321807861e+000,3.058434999754e+000
-2.921813201904e+001,-2.435321807861e+000,5.639343604931e-002
-2.738551330566e+001,-2.427355575562e+001,-2.885761097314e+000
3.406066894531e-001,-3.152568054199e+001,4.107419690745e-001
-3.105075073242e+001,1.940291213989e+001,2.909305920946e+000
-3.647983551025e+000,2.588522338867e+001,-7.692936844017e-001
-9.378635406494e+000,-3.747053146362e+001,3.123846462498e+000
5.100858688354e+001,-3.639892196655e+001,3.118083691231e+000
-1.163447189331e+001,-1.058903980255e+001,3.024286550277e+000
4.798202133179e+001,-3.563399791718e+000,3.055630767790e+000
end_pose
-2.951731109619e+001,-1.893163681030e+000,3.077543521860e+000
-2.951731109619e+001,-1.893163681030e+000,2.661699509923e-002
-2.803614044189e+001,-2.250697708130e+001,-2.821758540668e+000
-2.278682708740e+000,-3.103797912598e+001,2.980685564735e-001
-3.099848937988e+001,1.872064781189e+001,2.917262170365e+000
-2.710845947266e+000,2.517506217957e+001,-7.187186638874e-001
-9.884180068970e+000,-3.729492568970e+001,3.126713709468e+000
5.083301544189e+001,-3.639142227173e+001,3.111649230801e+000
-1.179954719543e+001,-1.063834762573e+001,3.024646391090e+000
4.794078826904e+001,-3.619925022125e+000,3.054520303951e+000
end_pose
-2.952935791016e+001,-2.081319808960e+000,3.071226235032e+000
-2.952935791016e+001,-2.081319808960e+000,3.906154513554e-002
-2.787438201904e+001,-2.273077964783e+001,-2.723276583061e+000
-3.450630187988e+000,-3.358846282959e+001,7.375874382340e-001
-3.118432617188e+001,1.856813812256e+001,2.919499869317e+000
-2.200859069824e+000,2.511312484741e+001,-6.324668076542e-001
-9.940416336060e+000,-3.729654693604e+001,3.128899104091e+000
5.080610656738e+001,-3.652544784546e+001,3.111352830677e+000
-1.208310127258e+001,-1.056176376343e+001,3.025885494796e+000
4.778303527832e+001,-3.603735446930e+000,3.056102900437e+000
end_pose
-2.907262039185e+001,-1.869661331177e+000,3.077371201709e+000
-2.907262039185e+001,-1.869661331177e+000,1.693041152204e-002
-2.764696884155e+001,-2.181336593628e+001,-2.663050837599e+000
-3.948520660400e+000,-3.410714340210e+001,2.194727479243e-001
-3.049827194214e+001,1.807404518127e+001,2.956112669835e+000
-6.827735900879e-001,2.366852760315e+001,-5.660409945390e-001
-1.110510826111e+001,-3.709867477417e+001,3.133826003470e+000
5.023625183105e+001,-3.662207794189e+001,3.109090552098e+000
-1.300941276550e+001,-1.045896530151e+001,3.028329753841e+000
4.686080169678e+001,-3.648759365082e+000,3.057935613046e+000
end_pose
-2.803606414795e+001,-2.206562042236e+000,3.063050371713e+000
-2.803606414795e+001,-2.206562042236e+000,4.549418911789e-002
-2.626152038574e+001,-2.308499908447e+001,-2.807962105931e+000
-9.089660644531e-001,-3.187184906006e+001,2.888096139934e-001
-2.981060791016e+001,1.867187500000e+001,2.965493233733e+000
4.482688903809e-001,2.405622482300e+001,-5.799267592254e-001
-1.230031967163e+001,-3.721290206909e+001,3.132516108249e+000
4.974496841431e+001,-3.664943695068e+001,3.107060269611e+000
-1.453622817993e+001,-1.090621757507e+001,3.022444559559e+000
4.710912704468e+001,-3.526345252991e+000,3.059315543103e+000
end_pose
-2.863102722168e+001,-2.973436355591e+000,3.038110331917e+000
-2.863102722168e+001,-2.973436355591e+000,1.880935183711e-001
-2.622203826904e+001,-2.490328025818e+001,-2.958393780849e+000
7.617454528809e-001,-2.990273094177e+001,3.685640009425e-001
-3.104001617432e+001,1.895640945435e+001,2.991876319493e+000
-1.947078704834e+000,2.334494400024e+001,-6.426227331334e-001
-1.124703788757e+001,-3.719654083252e+001,3.132635932109e+000
5.047241973877e+001,-3.664364242554e+001,3.105439614561e+000
-1.414480400085e+001,-1.081720161438e+001,3.022888170739e+000
4.680117034912e+001,-3.548466682434e+000,3.057022275834e+000
end_pose
-2.860299301147e+001,-2.872507095337e+000,3.041501257160e+000
-2.860299301147e+001,-2.872507095337e+000,1.466327271312e-001
-2.625551223755e+001,-2.478785514832e+001,-2.947973519820e+000
4.293327331543e-001,-3.002009773254e+001,3.825920565609e-001
-3.095047378540e+001,1.904284095764e+001,2.984379406109e+000
-2.606555938721e+000,2.353594970703e+001,-6.675633263890e-001
-1.091255378723e+001,-3.720797729492e+001,3.132706588894e+000
5.082617950439e+001,-3.665909576416e+001,3.134926478747e+000
-1.374648475647e+001,-1.075129795074e+001,3.021397781888e+000
4.698355102539e+001,-3.416504859924e+000,3.058377743042e+000
end_pose
-2.862027740479e+001,-2.246896743774e+000,3.063245773358e+000
-2.862027740479e+001,-2.246896743774e+000,7.537426346374e-002
-2.697386932373e+001,-2.285672378540e+001,-2.863199307187e+000
8.126831054688e-002,-3.058950805664e+001,3.125274750670e-001
-3.026669311523e+001,1.836293411255e+001,2.982876651831e+000
-2.004600524902e+000,2.288662528992e+001,-6.603282489656e-001
-1.114857292175e+001,-3.720904922485e+001,3.135496417945e+000
5.064258575439e+001,-3.683194732666e+001,3.127703700490e+000
-1.327235221863e+001,-1.062346267700e+001,3.019700008355e+000
4.746893310547e+001,-3.182659626007e+000,3.061508221089e+000
end_pose
-2.847521591187e+001,-2.162311553955e+000,3.065801327143e+000
-2.847521591187e+001,-2.162311553955e+000,4.427234340049e-002
-2.690418624878e+001,-2.278151702881e+001,-2.840990437537e+000
7.815170288086e-002,-3.114593887329e+001,2.650931173478e-001
-3.004624557495e+001,1.845689392090e+001,2.980717201649e+000
-2.265689849854e+000,2.296506309509e+001,-6.099825696532e-001
-1.128431701660e+001,-3.702025222778e+001,3.138396066325e+000
5.068735122681e+001,-3.682156372070e+001,3.119518411072e+000
-1.329418182373e+001,-1.064145469666e+001,3.017320224940e+000
4.757500457764e+001,-3.037927150726e+000,3.063222149573e+000
end_pose
-2.845599365234e+001,-2.190361022949e+000,3.064770695269e+000
-2.845599365234e+001,-2.190361022949e+000,3.846377253821e-002
-2.687693023682e+001,-2.273206329346e+001,-2.832988912254e+000
7.232894897461e-001,-3.153070068359e+001,2.578259179043e-001
-3.003506469727e+001,1.835134124756e+001,2.939537254301e+000
-8.614883422852e-001,2.432756996155e+001,-6.391078013499e-001
-1.174366950989e+001,-3.688779830933e+001,3.139042982466e+000
5.045719909668e+001,-3.672842788696e+001,3.117245062144e+000
-1.375341224670e+001,-1.074353313446e+001,3.013151864556e+000
4.728055572510e+001,-2.860898017883e+000,3.068238362153e+000
end_pose
-2.857555770874e+001,-2.431226730347e+000,3.056716259054e+000
-2.857555770874e+001,-2.431226730347e+000,8.346485062355e-002
-2.680807113647e+001,-2.327614974976e+001,-2.798466725137e+000
3.139163970947e+000,-3.397503280640e+001,3.517189562225e-001
-3.034304428101e+001,1.841369247437e+001,2.850044259565e+000
-3.648208618164e+000,2.642480850220e+001,-8.059337896237e-001
-1.149447250366e+001,-3.673807525635e+001,3.140892759504e+000
5.080513763428e+001,-3.669755172729e+001,3.115064943420e+000
-1.370180892944e+001,-1.070579814911e+001,3.013651387511e+000
4.727924728394e+001,-2.860961437225e+000,3.067432522400e+000
end_pose
end_action
-2.715993499756e+001,-2.521432876587e+000,3.049021709964e+000
-2.715993499756e+001,-2.521432876587e+000,7.679734204465e-002
-2.509130859375e+001,-2.491322135925e+001,-2.951426661203e+000
1.074692535400e+001,-3.181178474426e+001,-2.954010780734e+000
-2.922856140137e+001,1.987035751343e+001,2.828100856892e+000
1.064250946045e+000,2.969074249268e+001,2.794557278507e+000
-1.261725807190e+001,-3.721123886108e+001,3.132311057295e+000
5.025911712646e+001,-3.662751007080e+001,3.106295362551e+000
-1.512999916077e+001,-1.001217556000e+001,3.030955635424e+000
4.722516632080e+001,-3.085119247437e+000,3.064319356287e+000
end_pose
-2.715106582642e+001,-2.493782043457e+000,3.050001196801e+000
-2.715106582642e+001,-2.493782043457e+000,7.354628861031e-002
-2.509108352661e+001,-2.497762870789e+001,-2.955448609000e+000
1.109933090210e+001,-3.179315757751e+001,-2.995441974031e+000
-2.921103286743e+001,1.999006462097e+001,2.838834367344e+000
1.317646026611e+000,2.952603149414e+001,2.786680834724e+000
-1.266748046875e+001,-3.728247833252e+001,3.129141389246e+000
5.031867218018e+001,-3.649807739258e+001,3.107518560925e+000
-1.516582489014e+001,-1.001397514343e+001,3.030982392927e+000
4.724696350098e+001,-3.082171440125e+000,3.059569981028e+000
end_pose
-2.712030792236e+001,-2.543720245361e+000,3.048072183722e+000
-2.712030792236e+001,-2.543720245361e+000,6.815290454605e-002
-2.500318145752e+001,-2.516200828552e+001,-2.957686505244e+000
1.083578491211e+001,-3.182834815979e+001,-3.029355135188e+000
-2.923743438721e+001,2.007456970215e+001,2.846582726210e+000
1.405563354492e+000,2.938627243042e+001,2.794857836203e+000
-1.262364768982e+001,-3.715605926514e+001,3.129359321215e+000
5.033282470703e+001,-3.638561248779e+001,3.110897481462e+000
-1.516959953308e+001,-9.956364631653e+000,3.031223521751e+000
4.732006072998e+001,-3.031303405762e+000,3.057674846175e+000
end_pose
-2.710123062134e+001,-2.565267562866e+000,3.047218571167e+000
-2.710123062134e+001,-2.565267562866e+000,3.740851179028e-002
-2.496389389038e+001,-2.517649078369e+001,-2.960535356500e+000
1.106019592285e+001,-3.177113723755e+001,-3.126822912662e+000
-2.923856735229e+001,2.004595375061e+001,2.844913536914e+000
1.412418365479e+000,2.941599845886e+001,2.815044817730e+000
-1.272066497803e+001,-3.727975082397e+001,3.126681148483e+000
5.013325119019e+001,-3.634235763550e+001,3.111286045454e+000
-1.531391143799e+001,-9.845449447632e+000,3.033367230362e+000
4.726692199707e+001,-3.046049118042e+000,3.056455144113e+000
end_pose
-2.702338027954e+001,-2.541044235229e+000,3.047837194851e+000
-2.702338027954e+001,-2.541044235229e+000,5.134373446355e-002
-2.489870834351e+001,-2.517196083069e+001,-2.967777903387e+000
1.193790054321e+001,-3.163996315002e+001,3.100030602169e+000
-2.914805221558e+001,2.008987426758e+001,2.834635695194e+000
1.156421661377e+000,2.969564819336e+001,2.808518859369e+000
-1.280707740784e+001,-3.733880615234e+001,3.124644259167e+000
5.002706909180e+001,-3.627363204956e+001,3.112435701849e+000
-1.539839363098e+001,-9.737422943115e+000,3.034127183139e+000
4.727754211426e+001,-2.975874423981e+000,3.046542420204e+000
end_pose
-2.700809478760e+001,-2.527080535889e+000,3.048297191890e+000
-2.700809478760e+001,-2.527080535889e+000,9.249058546771e-002
-2.490211486816e+001,-2.498404693604e+001,-2.965319229805e+000
1.192817687988e+001,-3.154434204102e+001,3.015702101984e+000
-2.911406707764e+001,1.992988586426e+001,2.806637937796e+000
2.747299194336e+000,3.101987838745e+001,2.851416503268e+000
-1.287298202515e+001,-3.737016296387e+001,3.124056467377e+000
5.011052322388e+001,-3.626564788818e+001,3.112886768172e+000
-1.547449874878e+001,-9.628990173340e+000,3.034715613664e+000
4.710977935791e+001,-2.914586067200e+000,3.053357690423e+000
end_pose
-2.697467041016e+001,-2.506074905396e+000,3.048953729149e+000
-2.697467041016e+001,-2.506074905396e+000,7.756230280980e-002
-2.490355682373e+001,-2.472175979614e+001,-2.957317669943e+000
1.211902999878e+001,-3.162237548828e+001,2.864553892428e+000
-2.904577636719e+001,1.970960998535e+001,2.809654878497e+000
2.159469604492e+000,3.046578598022e+001,2.753601831209e+000
-1.302799987793e+001,-3.728297424316e+001,3.124266628826e+000
4.991738510132e+001,-3.619231033325e+001,3.114412753099e+000
-1.560967254639e+001,-9.590719223022e+000,3.034907089423e+000
4.689631652832e+001,-2.896806716919e+000,3.053480049084e+000
end_pose
-2.716019439697e+001,-2.331806182861e+000,3.055949198437e+000
-2.716019439697e+001,-2.331806182861e+000,7.654986814034e-002
-2.528143310547e+001,-2.411626625061e+001,-2.940909387095e+000
1.181498336792e+001,-3.166247749329e+001,2.581864935862e+000
-2.903895568848e+001,1.945265197754e+001,2.777933429974e+000
2.210662841797e+000,3.134582901001e+001,2.689252902196e+000
-1.322803115845e+001,-3.720479202271e+001,3.122429733063e+000
4.973507690430e+001,-3.599799346924e+001,3.116993591920e+000
-1.561733627319e+001,-9.500543594360e+000,3.035151871126e+000
4.673817825317e+001,-2.838196277618e+000,3.059528092609e+000
end_pose
-2.702906799316e+001,-2.350460052490e+000,3.054850856445e+000
-2.702906799316e+001,-2.350460052490e+000,5.671211731795e-002
-2.512495422363e+001,-2.413942146301e+001,-2.928593151580e+000
1.120869827271e+001,-3.199767875671e+001,2.100948269645e+000
-2.893318939209e+001,1.943849945068e+001,2.764258337507e+000
1.518539428711e+000,3.150728607178e+001,2.448536674877e+000
-1.330518341064e+001,-3.705923080444e+001,3.123924038858e+000
4.969060134888e+001,-3.594599914551e+001,3.116852374110e+000
-1.572636413574e+001,-9.353477478027e+000,3.035822384695e+000
4.654222106934e+001,-2.742640018463e+000,3.064783506600e+000
end_pose
-2.691212463379e+001,-2.320426940918e+000,3.055582796817e+000
-2.691212463379e+001,-2.320426940918e+000,5.653878181884e-002
-2.501809692383e+001,-2.417076873779e+001,-2.924325408613e+000
1.077351760864e+001,-3.207183837891e+001,1.542943181269e+000
-2.880615234375e+001,1.952991676331e+001,2.716080189843e+000
-7.343292236328e-003,3.258155822754e+001,4.345287184089e-001
-1.339672470093e+001,-3.690849304199e+001,3.125177558913e+000
4.968008422852e+001,-3.587299728394e+001,3.117255173466e+000
-1.578299331665e+001,-9.379438400269e+000,3.033827207065e+000
4.636825561523e+001,-2.655638217926e+000,3.071627311478e+000
end_pose
-2.754164505005e+001,-2.153228759766e+000,3.063570007013e+000
-2.754164505005e+001,-2.153228759766e+000,2.941154693107e-002
-2.586842727661e+001,-2.341491889954e+001,-2.886299632033e+000
9.324508666992e+000,-3.259983825684e+001,1.185550204819e+000
-2.921486282349e+001,1.910846328735e+001,2.720702003230e+000
3.463592529297e-001,3.234128570557e+001,-2.123675926877e-001
-1.375228881836e+001,-3.653176879883e+001,3.132187463097e+000
4.972475433350e+001,-3.593456649780e+001,3.116886446847e+000
-1.589289855957e+001,-9.330912590027e+000,3.033728797508e+000
4.628866195679e+001,-2.597640991211e+000,3.070362401045e+000
end_pose
-2.772231674194e+001,-2.050344467163e+000,3.067767232020e+000
-2.772231674194e+001,-2.050344467163e+000,1.564565352467e-002
-2.616614913940e+001,-2.307486152649e+001,-2.918140841452e+000
6.099452972412e+000,-3.040711402893e+001,1.002681489683e+000
-2.927848434448e+001,1.897416877747e+001,2.707141965939e+000
-2.050895690918e-001,3.246477890015e+001,-4.253756883623e-001
-1.383451652527e+001,-3.648799896240e+001,3.134217673406e+000
4.956660461426e+001,-3.602039337158e+001,3.116865136868e+000
-1.585670280457e+001,-9.167442321777e+000,3.035668157536e+000
4.632120513916e+001,-2.556541442871e+000,3.070303902157e+000
end_pose
-2.673398590088e+001,-1.418645858765e+000,3.088576502084e+000
-2.673398590088e+001,-1.418645858765e+000,-2.829285285132e-002
-2.560846710205e+001,-2.352678489685e+001,-3.025253822890e+000
5.011741638184e+000,-2.710525703430e+001,7.105577262322e-001
-2.785949707031e+001,2.068949127197e+001,2.738885934140e+000
-2.473697662354e+000,3.150352287292e+001,-5.252679431189e-001
-1.443489074707e+001,-3.617848205566e+001,3.139934324313e+000
4.937321853638e+001,-3.607324981689e+001,3.118511596067e+000
-1.582015228271e+001,-8.968162536621e+000,3.036758907887e+000
4.636326217651e+001,-2.425266742706e+000,3.072074219592e+000
end_pose
-2.629327774048e+001,-1.100572586060e+000,3.099759470955e+000
-2.629327774048e+001,-1.100572586060e+000,-5.487326990793e-002
-2.542860794067e+001,-2.348070907593e+001,-3.064090503847e+000
4.855068206787e+000,-2.583248138428e+001,9.071637911181e-001
-2.715796279907e+001,2.127956199646e+001,2.775406922314e+000
-3.123504638672e+000,3.049633598328e+001,-4.469248669207e-001
-1.466462326050e+001,-3.613972473145e+001,3.139637870337e+000
4.922673797607e+001,-3.601489639282e+001,3.119591076918e+000
-1.571957015991e+001,-8.834871292114e+000,3.037197891666e+000
4.631225967407e+001,-2.335440635681e+000,3.076752288492e+000
end_pose
-2.571125411987e+001,-7.597866058350e-001,3.112049105101e+000
-2.571125411987e+001,-7.597866058350e-001,-8.949495711949e-002
-2.514747238159e+001,-2.333316612244e+001,-3.036584594293e+000
4.762424468994e+000,-2.648554801941e+001,5.396593616386e-001
-2.627502822876e+001,2.181359672546e+001,2.932165817805e+000
-6.451969146729e+000,2.602685356140e+001,-2.477316550883e-001
-1.425514411926e+001,-3.602611923218e+001,-3.139640187090e+000
4.978793334961e+001,-3.614974212646e+001,3.119814199255e+000
-1.496022224426e+001,-7.795235633850e+000,3.047826817062e+000
4.569119262695e+001,-2.091478824615e+000,3.076042072951e+000
end_pose
-2.613485336304e+001,-9.976329803467e-001,3.103437472576e+000
-2.613485336304e+001,-9.976329803467e-001,-6.193490971660e-002
-2.539261245728e+001,-2.308970832825e+001,-3.057517535923e+000
3.808811187744e+000,-2.555063438416e+001,5.317421067131e-001
-2.687709426880e+001,2.109444427490e+001,2.950724682002e+000
-4.584686279297e+000,2.540178298950e+001,-1.469248823448e-001
-1.441180419922e+001,-3.590518188477e+001,-3.138963388604e+000
4.959823608398e+001,-3.607465744019e+001,3.121390240787e+000
-1.534172058105e+001,-8.227052688599e+000,3.040169565027e+000
4.591104125977e+001,-1.993217945099e+000,3.076073717591e+000
end_pose
-2.679009628296e+001,-1.014709472656e+000,3.103735366186e+000
-2.679009628296e+001,-1.014709472656e+000,-4.154254347042e-002
-2.621500015259e+001,-2.262871170044e+001,-3.079241143640e+000
1.212680816650e+000,-2.434109115601e+001,5.907626509892e-001
-2.736518478394e+001,2.059929084778e+001,2.856199147165e+000
-7.977573394775e+000,2.628767204285e+001,-2.122228389140e-001
-1.458325767517e+001,-3.578269577026e+001,-3.139303527529e+000
4.947901916504e+001,-3.592745971680e+001,3.123732008107e+000
-1.530889701843e+001,-8.510678291321e+000,3.034199575448e+000
4.613859558105e+001,-1.886160850525e+000,3.078137156065e+000
end_pose
-2.718973541260e+001,-1.162322998047e+000,3.098869054552e+000
-2.718973541260e+001,-1.162322998047e+000,-4.477499661883e-002
-2.648011779785e+001,-2.277849197388e+001,-3.059952599049e+000
1.553974151611e+000,-2.507228851318e+001,6.207778913202e-001
-2.789934539795e+001,2.045384597778e+001,2.855557135986e+000
-6.860046386719e+000,2.664151000977e+001,-2.843369712254e-001
-1.461120033264e+001,-3.529707336426e+001,-3.131784400117e+000
4.978279113770e+001,-3.592876815796e+001,3.125818357086e+000
-1.548911476135e+001,-8.554159164429e+000,3.031786671270e+000
4.599253082275e+001,-1.775836467743e+000,3.079399086728e+000
end_pose
-2.705468368530e+001,-1.168273925781e+000,3.098436817088e+000
-2.705468368530e+001,-1.168273925781e+000,-3.820525114878e-002
-2.618039321899e+001,-2.297775077820e+001,-3.058085886852e+000
1.828891754150e+000,-2.532217597961e+001,6.085186037546e-001
-2.792897415161e+001,2.064120292664e+001,2.904065805457e+000
-9.206226348877e+000,2.517392539978e+001,-3.479278438379e-001
-1.446176528931e+001,-3.540616607666e+001,-3.132229118495e+000
4.992939376831e+001,-3.600938415527e+001,3.124039694677e+000
-1.553796005249e+001,-8.560130119324e+000,3.031027769455e+000
4.591049957275e+001,-1.738250732422e+000,3.078546050091e+000
end_pose
-2.692332458496e+001,-9.973030090332e-001,3.104567085034e+000
-2.692332458496e+001,-9.973030090332e-001,-4.186930486428e-002
-2.614595031738e+001,-2.298586845398e+001,-3.061724781300e+000
1.522476196289e+000,-2.520038795471e+001,5.654418990260e-001
-2.770069885254e+001,2.099126243591e+001,2.983915686950e+000
-8.787414550781e+000,2.399841690063e+001,-2.997217461838e-001
-1.453071403503e+001,-3.534175872803e+001,-3.130310589360e+000
4.996073913574e+001,-3.606884002686e+001,3.127631783448e+000
-1.547552299500e+001,-8.617275238037e+000,3.030506303164e+000
4.592524719238e+001,-1.768297672272e+000,3.076903104565e+000
end_pose
-2.660665130615e+001,-9.294013977051e-001,3.106675540241e+000
-2.660665130615e+001,-9.294013977051e-001,1.155348745934e-001
-2.585808563232e+001,-2.315871429443e+001,-3.063188827805e+000
1.952999114990e+000,-2.534370803833e+001,5.782626616051e-001
-2.735520172119e+001,2.129991149902e+001,3.064376050193e+000
-4.325027465820e+000,2.308175468445e+001,-1.626549768564e-001
-1.444642639160e+001,-3.521107864380e+001,-3.128536369853e+000
5.008708953857e+001,-3.605355834961e+001,3.127924921273e+000
-1.534270477295e+001,-8.594973564148e+000,3.031698557316e+000
4.584566116333e+001,-1.843538284302e+000,3.077384788993e+000
end_pose
-2.643222427368e+001,-6.726818084717e-001,3.116148814727e+000
-2.643222427368e+001,-6.726818084717e-001,2.110954639314e-002
-2.589435195923e+001,-2.319752120972e+001,-3.051363616442e+000
1.989543914795e+000,-2.572030258179e+001,6.155535845730e-001
-2.697009658813e+001,2.185215568542e+001,3.069387070394e+000
-2.860462188721e+000,2.359601974487e+001,-1.144263272225e-001
-1.441369438171e+001,-3.526814651489e+001,-3.129769297396e+000
5.009239196777e+001,-3.603078842163e+001,3.131299622664e+000
-1.505115318298e+001,-8.573025703430e+000,3.032032602557e+000
4.600811767578e+001,-1.856482028961e+000,3.078779369276e+000
end_pose
-2.713975143433e+001,-6.107501983643e-001,3.119094174658e+000
-2.713975143433e+001,-6.107501983643e-001,-2.183705136492e-002
-2.679135513306e+001,-2.303793716431e+001,-3.049148712079e+000
1.096920013428e+000,-2.562340164185e+001,6.823589963769e-001
-2.748814773560e+001,2.181643486023e+001,2.948078080377e+000
-1.028606414795e+000,2.700163650513e+001,-2.059512925409e-001
-1.442978668213e+001,-3.519279861450e+001,-3.129056923607e+000
5.004062652588e+001,-3.600118255615e+001,3.137033695998e+000
-1.484227752686e+001,-8.639934539795e+000,3.031793031252e+000
4.625110244751e+001,-1.904809951782e+000,3.078609661172e+000
end_pose
end_action
